1
2
4
5
6
7
8
9
10
11
12
16
17
18
19
20
21
22
23
25
26
27
28
29
30
31
32
33
34
35
36
37
38
39
40
42
43
45
46
48
49
50
55
56
58
59
60
61
62
63
65
66
68
69
70
78
90
96
99
100
150
151
153
155
158
159
801
802
803
806
807
809
810
811
812
813
815
816
818
819
820
821
822
823
825
826
828
829
830
831
833
838
839
850
851
852
901
902
903
905
906
908
909
910
911
912
913
915
916
917
918
919
920
921
922
923
925
926
927
928
929
930
931
932
933
935
936
937
938
939
948
949
950
951
952
953
955
957
958
959
960
961
962
963
965
966
967
968
969
970
971
972
973
975
976
977
978
979
980
981
982
983
985
987
988
989
990
993
995
996
997
998
999
